024
251
218
135
332
030
179
312
188
076
147
196
233
253
266
244
286
085
224
307
069
220
325
194
182
112
105
115
304
126
324
197
256
372
018
289
230
321
139
375
130
106
238
183
322
140
223
149
317
313
136
252
074
373
308
298
229
331
083
320
055
058
318
248
143
232
282
167
267
036
330
128
243
123
284
311
093
170
017
207
190
031
201
032
064
249
038
122
033
100
095
114
204
301
202
077
109
209
261
214
278
056
302
063
172
264
221
279
314
102
187
189
191
042
280
245
113
275
210
217
216
303
333
293
198
285
242
305
327
235
146
108
236
111
234
262
200
098
310
037
294
239
148
259
215
254
192
369
326
211
163
240
132
104
258
097
269
274
150
089
319
370
059
237
283
228
287
065
165
374
040
272
309
290
199
206
099
035
175
276
297
082
061
125
185
137
299
145
121
306
368
181
124
281
212
178
270
277
